000000000111111111222222222333333333444444444555555555
002002002111111111223223223335335335444444444055055055
004002002110511011223220222331333333544444444511555555
222222200444500500055011011533554554111331331333244244
414300541020314300455025151512234442013045333522351122
422001534031410140052223413255130201354443323045155521
324005100532115235541225144233232314213444400011055035
133400115314315522031522154340431420205340322540155402
001200034325010451445324153542533022215342213054151341
450202122142513533003021513324034042035141551142553404
200001451335515015042421101225330421342242540454351333
001403453455112513512422201023033551230240351014453244
323101545122314004050421312151535302504442135434053022
112100145350114540351420253334230531252242414430350520
523505115002513544004023151313132032445042232413454021
001101524005114144302223332443535435151241032052054325
004502513435314041152425202411035512400342120345351323
213403003254212500521521144220135344331144500554353201
015103103520510542254323101323032430420444342155155412
445402350430514215405324431310135111022245225102350303
200302343531514453424224250115233205012041003541355114
400503251052411513405322413254333521540042143120054213
025200015343013051531322205354031212141545014432454324
413202401011414243545322351110333404200042255233555510
421003510422415544335125210021033552251240341303154034
441103350155111542402222423534530153002440340032352115
332400354321511003435324511055534411122441204025253200
252301435020314020344222112301530551315344112444055503
430203101511415355323220042134534524042143312552050014
142300125051310443514125252340330331013045444025152225
